SOGP version 16
current_size: 22
capacity 1000, s20 0.200000
kernel 0 A 1.000000
widths 17:10.000000 10.000000 10.000000 10.000000 10.000000 10.000000 10.000000 10.000000 10.000000 10.000000 10.000000 10.000000 10.000000 10.000000 10.000000 10.000000 10.000000 
alpha (22:1)40.687082 
29.312632 
-39.768726 
-2.055069 
17.511592 
-59.519549 
-8.953056 
14.470658 
51.330072 
-89.408786 
-7.784634 
-4.544189 
-29.433832 
-26.603483 
61.456067 
6.286176 
25.237842 
15.946452 
6.206994 
0.518875 
1.150908 
-1.720663 

C (22:22)-20045.001374 -949.250581 3285.447581 -124.345652 4817.131305 3586.552082 -2024.717769 722.123210 1088.784312 5343.610576 809.459655 902.122750 2530.759964 -210.302619 554.334359 1320.350218 -369.157713 -1208.757300 -18.250664 -3.243440 -6.796410 -0.613945 
-949.250581 -774.442043 288.029447 200.926830 687.179666 250.600176 -246.474231 95.611892 -246.870545 505.964148 -85.533999 -59.477873 258.475076 -145.289907 -155.136650 139.610776 27.257684 88.243472 107.151375 13.354367 -0.550270 0.615955 
3285.447581 288.029447 -1786.186286 -28.877648 -816.431388 -636.574502 582.264121 124.201243 419.616289 -1246.960355 42.961245 -467.161742 -912.102128 134.535074 545.823592 -133.547679 255.906997 343.422458 10.769584 0.497034 -6.362649 0.632681 
-124.345652 200.926830 -28.877648 -1965.066542 491.749403 134.421748 -840.970271 968.592150 -496.973325 -165.603633 18.107890 297.230518 1901.115058 278.798722 186.262831 342.243442 -157.686909 -1058.139177 25.940051 -10.342593 4.272473 -1.621404 
4817.131305 687.179666 -816.431388 491.749403 -3909.998804 84.478246 1423.075173 -933.562837 21.266249 -662.584112 200.423258 368.582879 -1984.158657 454.815092 -329.251798 -676.565674 72.503647 814.959033 -102.530287 -27.571919 6.074632 0.308381 
3586.552082 250.600176 -636.574502 134.421748 84.478246 -1964.754585 90.610012 556.324288 -61.483886 -2230.396431 -238.410259 -340.388688 50.717192 100.980113 372.174201 -257.372558 313.947037 192.842367 4.882268 -1.049498 -8.409000 0.072800 
-2024.717769 -246.474231 582.264121 -840.970271 1423.075173 90.610012 -1390.330892 811.466801 -308.086361 266.506174 33.532188 197.855765 1638.510055 -282.948929 121.914896 473.031796 -67.461219 -514.820127 17.695912 14.772937 4.930955 -0.312249 
722.123210 95.611892 124.201243 968.592150 -933.562837 556.324288 811.466801 -1734.036928 611.119741 946.078537 192.699509 134.855298 -1799.075920 -155.246103 -378.164410 -440.705455 -123.164894 462.200870 -63.208981 -0.355795 0.948035 1.284684 
1088.784312 -246.870545 419.616289 -496.973325 21.266249 -61.483886 -308.086361 611.119741 -1406.121262 -174.932753 -295.538954 -143.500274 1067.074919 108.790163 -474.902749 364.461663 -100.212418 -146.859689 164.066878 6.487490 2.277904 1.379998 
5343.610576 505.964148 -1246.960355 -165.603633 -662.584112 -2230.396431 266.506174 946.078537 -174.932753 -3247.936620 -302.805255 -392.363822 157.945475 423.209045 518.949273 -287.662797 432.662811 120.011820 17.917384 -12.088821 -9.107762 -0.695743 
809.459655 -85.533999 42.961245 18.107890 200.423258 -238.410259 33.532188 192.699509 -295.538954 -302.805255 -351.782139 -177.357207 227.381408 -49.092328 -92.576349 8.083736 20.321455 -1.393788 29.596103 10.283873 0.752579 0.756084 
902.122750 -59.477873 -467.161742 297.230518 368.582879 -340.388688 197.855765 134.855298 -143.500274 -392.363822 -177.357207 -685.795388 -264.996852 -89.073900 184.959122 129.268033 70.935547 283.746356 43.833837 11.773452 -7.038344 1.883726 
2530.759964 258.475076 -912.102128 1901.115058 -1984.158657 50.717192 1638.510055 -1799.075920 1067.074919 157.945475 227.381408 -264.996852 -3610.030947 -239.676717 -12.362282 -616.706444 191.607171 1523.290674 -112.573384 2.674103 0.011307 2.073195 
-210.302619 -145.289907 134.535074 278.798722 454.815092 100.980113 -282.948929 -155.246103 108.790163 423.209045 -49.092328 -89.073900 -239.676717 -841.130578 115.078915 108.753415 -24.181635 326.531366 -63.288104 38.107691 9.324291 1.256173 
554.334359 -155.136650 545.823592 186.262831 -329.251798 372.174201 121.914896 -378.164410 -474.902749 518.949273 -92.576349 184.959122 -12.362282 115.078915 -972.419514 -26.310781 -223.439713 -74.276623 132.463958 -0.957662 7.371597 0.420328 
1320.350218 139.610776 -133.547679 342.243442 -676.565674 -257.372558 473.031796 -440.705455 364.461663 -287.662797 8.083736 129.268033 -616.706444 108.753415 -26.310781 -580.115268 77.818180 174.552579 -108.108987 -12.561655 1.747865 -0.335473 
-369.157713 27.257684 255.906997 -157.686909 72.503647 313.947037 -67.461219 -123.164894 -100.212418 432.662811 20.321455 70.935547 191.607171 -24.181635 -223.439713 77.818180 -213.729112 -210.901218 23.754378 1.014456 2.273720 -0.052295 
-1208.757300 88.243472 343.422458 -1058.139177 814.959033 192.842367 -514.820127 462.200870 -146.859689 120.011820 -1.393788 283.746356 1523.290674 326.531366 -74.276623 174.552579 -210.901218 -1149.562298 48.805998 -15.394683 3.196107 -1.641615 
-18.250664 107.151375 10.769584 25.940051 -102.530287 4.882268 17.695912 -63.208981 164.066878 17.917384 29.596103 43.833837 -112.573384 -63.288104 132.463958 -108.108987 23.754378 48.805998 -160.246942 -2.157359 3.594414 -0.138403 
-3.243440 13.354367 0.497034 -10.342593 -27.571919 -1.049498 14.772937 -0.355795 6.487490 -12.088821 10.283873 11.773452 2.674103 38.107691 -0.957662 -12.561655 1.014456 -15.394683 -2.157359 -13.652193 0.396530 0.003222 
-6.796410 -0.550270 -6.362649 4.272473 6.074632 -8.409000 4.930955 0.948035 2.277904 -9.107762 0.752579 -7.038344 0.011307 9.324291 7.371597 1.747865 2.273720 3.196107 3.594414 0.396530 -8.836082 -0.061200 
-0.613945 0.615955 0.632681 -1.621404 0.308381 0.072800 -0.312249 1.284684 1.379998 -0.695743 0.756084 1.883726 2.073195 1.256173 0.420328 -0.335473 -0.052295 -1.641615 -0.138403 0.003222 -0.061200 -5.218442 

Q (22:22)575892985.786287 14273700.370168 -61228041.314041 28723338.479868 -106737963.087215 -128228667.839714 36720497.259243 25929641.677660 -90187622.916708 -168936036.869040 -69959128.748675 -66470205.683392 -23795589.526693 -16661048.216403 6997975.760652 -33968758.074248 23530779.784798 54471684.723665 -21784630.831468 6666079.964456 4952280.815061 9785601.579779 
14273700.370168 7712723.107041 -4204929.359739 -6864388.558998 -5740387.095650 -7182391.794929 2409882.987880 6398810.407199 -44892.801203 -14077796.721950 -2793441.934220 1465418.438443 9019350.173794 2469852.479249 4151962.900506 -1679481.933633 316150.301698 -2738751.793619 -616617.088185 -302097.745370 -2087543.533876 112478.085051 
-61228041.314041 -4204929.359739 15416180.789907 -1379376.692400 25256471.202493 2930659.753088 -10245886.083306 1532610.506617 8334381.788598 8715120.605301 4866943.413420 9167498.648825 10492504.871125 1283068.194421 -2685684.006448 1814303.425219 -360831.860488 -9119227.242834 1885559.762109 -631138.722779 1514702.512648 -3353668.112177 
28723338.479868 -6864388.558998 -1379376.692400 11426822.783062 -2394969.595463 -1519854.284150 1050823.572095 -6548595.108696 -5095278.229079 3633509.183894 -2431095.180922 -6700271.186849 -14130687.576058 -5333443.381942 -3357617.851323 -1246870.240419 1253322.641239 8366460.408427 -1151624.668951 554657.917583 2276755.942331 869581.172269 
-106737963.087215 -5740387.095650 25256471.202493 -2394969.595463 47833903.693043 3721756.648633 -17455667.575019 1974212.279717 18817714.889015 14390365.023819 7587474.454539 16573753.682306 17382208.786975 1117041.123853 -3179898.656267 1794407.768824 -802837.055962 -16547740.787139 2540861.933153 -2283787.946673 2255076.987532 -6101245.979422 
-128228667.839714 -7182391.794929 2930659.753088 -1519854.284150 3721756.648633 58417416.048971 27152.591803 -24265768.043836 21479519.021638 71365101.552935 20632612.338718 8741417.161518 -21496342.713938 1804915.139156 -6812486.532296 11128222.538753 -10372823.894792 -3300541.000797 5855326.225534 -3035846.888898 -1995619.362254 2110646.783758 
36720497.259243 2409882.987880 -10245886.083306 1050823.572095 -17455667.575019 27152.591803 7410508.628106 -1911916.702547 -5258982.835994 -3455238.153533 -2421443.518887 -5958828.950523 -8073833.646153 -387874.952155 1389434.336326 -856184.574585 -32343.223159 6145857.830938 -853567.105072 475109.352050 -1059701.678140 2341732.825735 
25929641.677660 6398810.407199 1532610.506617 -6548595.108696 1974212.279717 -24265768.043836 -1911916.702547 16230512.737578 -6625191.984422 -32197559.662353 -5841738.108869 1132944.896570 20244490.674186 2844978.508310 5654286.331168 -2652214.699261 4023297.778380 -4334340.677734 -1306340.880897 1858168.164712 -364972.159130 -1776879.927634 
-90187622.916708 -44892.801203 8334381.788598 -5095278.229079 18817714.889015 21479519.021638 -5258982.835994 -6625191.984422 19693080.910878 27776546.692713 10148182.558343 12135812.671013 2251821.547921 1846554.268628 -1082968.474105 3359193.612700 -4680352.804879 -9779264.249748 2916425.879331 -2881555.556714 -1503556.657899 -1619451.816812 
-168936036.869040 -14077796.721950 8715120.605301 3633509.183894 14390365.023819 71365101.552935 -3455238.153533 -32197559.662353 27776546.692713 92849099.535567 26394115.518845 10872993.058512 -29664828.764461 -365501.285488 -10358810.677268 13752311.079958 -12042605.768522 -3266299.750291 7191066.850224 -3527182.900977 -655632.308845 1613928.998799 
-69959128.748675 -2793441.934220 4866943.413420 -2431095.180922 7587474.454539 20632612.338718 -2421443.518887 -5841738.108869 10148182.558343 26394115.518845 10101417.238483 6337600.520727 -2280406.501764 1755963.656473 -1172037.703559 5248272.473722 -3495746.784611 -4213604.698664 2910441.957399 -381792.795144 -748215.827568 -241839.564073 
-66470205.683392 1465418.438443 9167498.648825 -6700271.186849 16573753.682306 8741417.161518 -5958828.950523 1132944.896570 12135812.671013 10872993.058512 6337600.520727 10700346.499652 10785711.065834 3141188.829498 310551.252416 2310064.345593 -2231749.351460 -10068271.417425 2328267.755874 -1348943.388562 -1076099.269138 -2149232.035827 
-23795589.526693 9019350.173794 10492504.871125 -14130687.576058 17382208.786975 -21496342.713938 -8073833.646153 20244490.674186 2251821.547921 -29664828.764461 -2280406.501764 10785711.065834 34369243.674112 6388917.966878 6143043.173997 -1490119.932443 2752374.088702 -14571711.114600 375587.950588 624573.492512 -1230848.074073 -4097782.662885 
-16661048.216403 2469852.479249 1283068.194421 -5333443.381942 1117041.123853 1804915.139156 -387874.952155 2844978.508310 1846554.268628 -365501.285488 1755963.656473 3141188.829498 6388917.966878 3225432.125600 981376.577281 1008043.981805 -606088.777494 -4061396.075962 937858.230104 -67775.414131 -878786.773084 -443350.533212 
6997975.760652 4151962.900506 -2685684.006448 -3357617.851323 -3179898.656267 -6812486.532296 1389434.336326 5654286.331168 -1082968.474105 -10358810.677268 -1172037.703559 310551.252416 6143043.173997 981376.577281 4086993.495909 -445883.776573 958802.014690 -780935.214269 -449419.170650 792997.430989 -1131335.771764 -11017.606012 
-33968758.074248 -1679481.933633 1814303.425219 -1246870.240419 1794407.768824 11128222.538753 -856184.574585 -2652214.699261 3359193.612700 13752311.079958 5248272.473722 2310064.345593 -1490119.932443 1008043.981805 -445883.776573 3482430.640697 -1746725.307383 -1390202.346690 1555587.890382 213193.055882 -372017.721305 184134.507930 
23530779.784798 316150.301698 -360831.860488 1253322.641239 -802837.055962 -10372823.894792 -32343.223159 4023297.778380 -4680352.804879 -12042605.768522 -3495746.784611 -2231749.351460 2752374.088702 -606088.777494 958802.014690 -1746725.307383 2064897.949926 1349049.309085 -1050206.966745 837274.027071 663825.029945 -327797.475825 
54471684.723665 -2738751.793619 -9119227.242834 8366460.408427 -16547740.787139 -3300541.000797 6145857.830938 -4334340.677734 -9779264.249748 -3266299.750291 -4213604.698664 -10068271.417425 -14571711.114600 -4061396.075962 -780935.214269 -1390202.346690 1349049.309085 10991287.135655 -1766976.355253 1256455.626631 885250.236230 2473837.777160 
-21784630.831468 -616617.088185 1885559.762109 -1151624.668951 2540861.933153 5855326.225534 -853567.105072 -1306340.880897 2916425.879331 7191066.850224 2910441.957399 2328267.755874 375587.950588 937858.230104 -449419.170650 1555587.890382 -1050206.966745 -1766976.355253 1087622.973830 -134339.769673 -300390.429301 -169821.947291 
6666079.964456 -302097.745370 -631138.722779 554657.917583 -2283787.946673 -3035846.888898 475109.352050 1858168.164712 -2881555.556714 -3527182.900977 -381792.795144 -1348943.388562 624573.492512 -67775.414131 792997.430989 213193.055882 837274.027071 1256455.626631 -134339.769673 992547.194842 191783.340468 132239.406959 
4952280.815061 -2087543.533876 1514702.512648 2276755.942331 2255076.987532 -1995619.362254 -1059701.678140 -364972.159130 -1503556.657899 -655632.308845 -748215.827568 -1076099.269138 -1230848.074073 -878786.773084 -1131335.771764 -372017.721305 663825.029945 885250.236230 -300390.429301 191783.340468 949258.316522 -283829.490821 
9785601.579779 112478.085051 -3353668.112177 869581.172269 -6101245.979422 2110646.783758 2341732.825735 -1776879.927634 -1619451.816812 1613928.998799 -241839.564073 -2149232.035827 -4097782.662885 -443350.533212 -11017.606012 184134.507930 -327797.475825 2473837.777160 -169821.947291 132239.406959 -283829.490821 951837.974711 

BV (17:22)0.000000 0.707107 -0.914991 0.139472 0.920575 0.722022 -1.191949 -0.441012 -0.668827 -0.073241 -1.816546 0.845413 -0.945982 1.797342 0.202870 -1.188207 -1.861571 -0.120314 -1.325723 6.345599 -1.602595 -1.528485 
0.000000 0.707107 -1.135974 0.421637 0.855236 0.483821 -1.316726 -0.545545 -0.792027 0.200331 -2.193087 1.229577 -0.851503 1.780137 0.494546 -0.963037 -1.889121 -0.242298 -1.196923 6.352440 -1.614951 -1.547837 
0.000000 -0.707107 0.983343 -0.186502 -0.955354 -0.763978 -0.067001 0.669150 1.115387 1.449493 -2.103959 -0.860821 0.316136 0.382112 1.183376 -0.539419 0.922842 -0.463616 1.047713 -0.217856 0.818588 1.308559 
0.000000 -0.707107 0.754660 0.044335 -0.643651 -0.418859 1.422696 0.440130 0.077449 -0.072041 2.041198 -0.601382 0.998419 -1.601096 -0.180697 0.988001 1.611354 0.126087 0.997710 -6.748680 1.363186 1.355692 
0.000000 -0.707107 0.711322 -0.190091 -0.562903 -0.743887 1.703399 0.585008 0.142808 0.138479 2.198024 -0.620521 0.845390 -1.671999 -0.241312 0.936924 1.703848 0.131779 0.980984 -6.821186 1.414413 1.328788 
0.000000 0.707107 -1.154653 -0.183454 0.125022 -1.192747 -1.074665 -1.113870 -0.541435 1.361480 -1.537886 0.722886 -0.212438 0.941178 -0.153412 -0.192391 0.201918 -0.805391 -0.527460 4.049746 -1.327478 -1.290961 
0.000000 0.707107 0.564658 -0.113674 1.639237 0.776678 0.112688 0.003561 -1.135936 -1.491818 2.371972 0.813844 -0.854157 0.069053 -0.570911 -0.835370 0.333484 0.123556 -0.937440 -0.294438 -1.066126 9.431861 
0.000000 0.707107 -0.337219 -0.482288 0.256249 0.151235 1.966430 -0.679259 2.321823 -0.452886 -0.597755 0.903961 2.583975 -0.605298 -0.771586 1.622564 -0.543320 2.834399 1.833777 0.155085 11.947748 7.816527 
0.000000 0.000000 0.000000 0.000000 0.000000 0.000000 2.267787 -0.353553 1.511622 -0.471022 -0.446390 1.833697 1.600439 -0.605347 -0.578754 1.919676 -0.556208 1.128436 -0.495333 -0.076765 9.027512 6.877524 
0.000000 -0.707107 -1.040532 0.604583 0.584018 0.126000 -0.157967 -0.610054 -1.111974 0.077310 1.136544 0.210747 0.490699 0.862918 -1.131536 -0.386736 1.297314 0.251717 -3.327257 0.025930 -6.579250 -2.872673 
0.000000 -0.707107 1.057954 -1.237210 -0.191514 -1.083679 1.123850 -1.044036 1.822054 0.107255 -1.008780 -0.927551 0.979358 0.375353 -0.997426 2.535457 -0.899109 2.250544 -0.698736 0.548145 -0.727446 -0.718021 
0.000000 -0.707107 -1.126662 0.804240 0.770106 0.142861 -0.273866 0.010131 -1.795871 -0.309192 1.709063 0.934531 0.029901 0.881896 -0.098021 -1.403996 -3.292674 0.292205 -2.832540 -0.092490 -3.393064 -1.881854 
0.000000 0.707107 -0.577350 -0.500000 0.466628 -0.600218 -0.546940 1.240457 -0.635330 1.037426 -0.692735 1.713507 -0.722292 1.049464 -0.755285 -0.639266 -0.573741 1.846677 -0.755733 0.783124 -0.797087 -0.809909 
0.000000 0.707107 -0.700109 1.280136 0.417035 -0.074657 0.111384 0.221058 -1.540941 0.364947 1.824434 -0.168184 0.462337 0.145959 -0.283342 -1.538791 -1.790979 -0.467609 -1.542815 -0.682745 -1.629622 -1.617788 
0.000000 -0.707107 -1.145174 0.591538 0.522601 -0.061178 0.543540 0.502983 -0.070097 0.014244 0.544612 0.516619 0.492598 0.059268 -2.084147 0.583510 0.575795 -0.093403 -2.356057 0.381828 -3.279401 0.762878 
0.000000 0.707107 -1.000000 0.783349 -0.239046 -1.118034 -1.840315 -0.381881 0.359573 1.038616 -1.704904 0.361873 -0.346989 2.391858 0.117734 0.072818 -1.642727 -0.260525 -0.110949 3.481925 -0.119695 -1.145237 
0.000000 0.707107 -1.000000 0.783349 -0.239046 -1.118034 -1.840315 -0.381881 0.359573 1.038616 -1.704904 0.361873 -0.346989 2.391858 0.117734 0.646319 -1.548573 -0.348730 -1.190824 3.263612 -0.176712 -1.176532 

17	754
28.765252	30.315650	4.515577	-96.710955	-106.127086	1.153802	210.873404	0.054177	0.010070	0.888597	0.027581	0.592779	0.034618	0.245023	0.952226	2.283820	2.395225	
15.602101	16.369524	0.673266	52.509479	56.981626	0.119239	109.750596	0.042390	0.027541	0.099964	0.038679	0.181094	0.042620	0.150453	0.062652	1.993769	2.031042	
